chr10:66478458-66505490	0.18495912403358858
chr10:66478458-66505490	0.18495912403358858
chr11:66478458-66505490	0.18495912403358858
chr11:66478458-66505490	0.18495912403358858
